1.000000000000001110e+00
9.999999999999884537e-01
1.000000000000000666e+00
1.000000000000001110e+00
9.999999999999985567e-01
9.999999999999977796e-01
9.999999999999994449e-01
9.999999999999952260e-01
9.999999999999885647e-01
9.999999999999991118e-01
9.999999999999933387e-01
9.999999999999890088e-01
9.999999999999986677e-01
9.999999999999903411e-01
9.999999999999908962e-01
9.999999999999895639e-01
9.999999999999972244e-01
9.999999999999984457e-01
9.999999999999932276e-01
9.999999999999992228e-01
9.999999999999893419e-01
9.999999999999940048e-01
1.000000000000000444e+00
9.999999999999955591e-01
9.999999999999981126e-01
9.999999999999924505e-01
9.999999999999905631e-01
9.999999999999896749e-01
9.999999999999944489e-01
9.999999999999951150e-01
1.000000000000000000e+00
1.000000000000000222e+00
1.000000000000000444e+00
9.999999999999925615e-01
9.999999999999985567e-01
9.999999999999995559e-01
9.999999999999970024e-01
1.000000000000000222e+00
9.999999999999935607e-01
9.999999999999946709e-01
9.999999999999911182e-01
9.999999999999973355e-01
9.999999999999971134e-01
1.000000000000000444e+00
1.000000000000000888e+00
9.999999999999926725e-01
9.999999999999924505e-01
1.000000000000001554e+00
1.000000000000000888e+00
9.999999999999918954e-01
9.999999999999931166e-01
9.999999999999968914e-01
9.999999999999985567e-01
9.999999999999975575e-01
9.999999999999983347e-01
9.999999999999977796e-01
9.999999999999996669e-01
9.999999999999957812e-01
9.999999999999934497e-01
9.999999999999942268e-01
1.000000000000001554e+00
1.000000000000000888e+00
9.999999999999956701e-01
9.999999999999972244e-01
9.999999999999971134e-01
9.999999999999973355e-01
9.999999999999991118e-01
9.999999999999942268e-01
9.999999999999981126e-01
9.999999999999993339e-01
9.999999999999977796e-01
1.000000000000000222e+00
9.999999999999993339e-01
1.000000000000000444e+00
9.999999999999946709e-01
9.999999999999953371e-01
9.999999999999966693e-01
9.999999999999982236e-01
9.999999999999996669e-01
9.999999999999973355e-01
9.999999999999994449e-01
9.999999999999963363e-01
9.999999999999956701e-01
9.999999999999987788e-01
9.999999999999960032e-01
1.000000000000000666e+00
9.999999999999998890e-01
9.999999999999994449e-01
9.999999999999991118e-01
9.999999999999962252e-01
1.000000000000000888e+00
1.000000000000000444e+00
9.999999999999970024e-01
9.999999999999990008e-01
9.999999999999993339e-01
9.999999999999971134e-01
9.999999999999974465e-01
9.999999999999986677e-01
1.000000000000000000e+00
9.999999999999971134e-01
9.999999999999975575e-01
9.999999999999993339e-01
9.999999999999996669e-01
9.999999999999984457e-01
9.999999999999996669e-01
9.999999999999981126e-01
1.000000000000000444e+00
9.999999999999995559e-01
9.999999999999994449e-01
9.999999999999998890e-01
9.999999999999990008e-01
9.999999999999983347e-01
9.999999999999988898e-01
1.000000000000000222e+00
9.999999999999991118e-01
9.999999999999987788e-01
9.999999999999994449e-01
9.999999999999988898e-01
9.999999999999995559e-01
9.999999999999994449e-01
9.999999999999998890e-01
1.000000000000000222e+00
9.999999999999997780e-01
1.000000000000000444e+00
1.000000000000000000e+00
9.999999999999997780e-01
9.999999999999998890e-01
1.000000000000000444e+00
1.000000000000000000e+00
9.999999999999998890e-01
1.000000000000000222e+00
1.000000000000000000e+00
9.999999999999997780e-01
1.000000000000000000e+00
1.000000000000000444e+00
1.000000000000000666e+00
1.000000000000000000e+00
1.000000000000000444e+00
9.999999999999997780e-01
1.000000000000000444e+00
1.000000000000000666e+00
1.000000000000000222e+00
9.999999999999998890e-01
1.000000000000000444e+00
1.000000000000000222e+00
1.000000000000000222e+00
9.999999999999995559e-01
9.999999999999997780e-01
1.000000000000000000e+00
1.000000000000000444e+00
1.000000000000000000e+00
9.999999999999998890e-01
9.999999999999998890e-01
1.000000000000000222e+00
9.999999999999995559e-01
1.000000000000000222e+00
1.000000000000000222e+00
1.000000000000000222e+00
1.000000000000000222e+00
1.000000000000000000e+00
9.999999999999995559e-01
9.999999999999998890e-01
9.999999999999998890e-01
1.000000000000000222e+00
1.000000000000000000e+00
9.999999999999997780e-01
1.000000000000000222e+00
1.000000000000000222e+00
9.999999999999998890e-01
9.999999999999996669e-01
1.000000000000000222e+00
9.999999999999995559e-01
9.999999999999998890e-01
1.000000000000000000e+00
9.999999999999995559e-01
9.999999999999998890e-01
1.000000000000000000e+00
9.999999999999996669e-01
1.000000000000000000e+00
1.000000000000000666e+00
1.000000000000000222e+00
1.000000000000000222e+00
9.999999999999997780e-01
9.999999999999997780e-01
9.999999999999996669e-01
9.999999999999998890e-01
1.000000000000000000e+00
1.000000000000000222e+00
9.999999999999997780e-01
1.000000000000000000e+00
9.999999999999998890e-01
1.000000000000000222e+00
1.000000000000000000e+00
1.000000000000000222e+00
1.000000000000000444e+00
1.000000000000000000e+00
9.999999999999997780e-01
1.000000000000000444e+00
1.000000000000000000e+00
1.000000000000000000e+00
1.000000000000000222e+00
